1061311664 0.1054 0.5350
1061311784 0.0797 0.5500
1061312032 0.2091 0.5269
1061312152 0.0878 0.5913
1061312272 0.0859 0.5585
1061312392 0.0990 0.5384
1061312520 0.1405 0.5531
1061312640 0.1815 0.5208
1061312760 0.1453 0.6237
1061312880 0.2006 0.5652
1061313008 0.0836 0.5341
1061313248 0.0735 0.5583
1061313496 0.0719 0.5819
1061313616 0.0815 0.5686
1061313736 0.0795 0.6494
1061313856 0.0887 0.6240
1061313984 0.2607 0.5105
1061314104 0.0830 0.5618
1061314224 0.2132 0.6558
1061314344 0.0792 0.5848
1061314472 0.0874 0.5570
1061314592 0.0891 0.5140
1061314712 0.0902 0.5334
1061314832 0.0793 0.5530
1061314960 0.1547 0.5604
1061315080 0.0894 0.5118
1061315320 0.0789 0.6336
1061315448 0.1712 0.5415
1061315568 0.0746 0.5682
1061315808 0.2053 0.6207
1061315936 0.0833 0.5787
1061316056 0.0899 0.5277
1061316296 0.1263 0.5403
1061316424 0.2552 0.5675
1061316544 0.0857 0.5648
1061316664 0.0828 0.5676
1061316784 0.0802 0.5810
1061316912 0.0874 0.5770
1061317032 0.0865 0.5263
1061317152 0.1584 0.6018
1061317272 0.1622 0.5471
1061317400 0.0839 0.8661
1061317520 0.0804 0.8633
1061317640 0.0846 0.6397
1061317888 0.1323 0.5972
1061318008 0.0819 0.6972
1061318128 0.0791 0.6761
1061318248 0.0731 0.5632
1061318376 0.1356 0.5779
1061318496 0.1359 0.5289
1061318616 0.1051 0.5852
1061318736 0.0950 0.5373
1061318864 0.1267 0.6071
1061319472 0.0923 0.5952
1061319592 0.0859 0.6178
1061319712 0.1553 0.5893
1061319840 0.1755 0.6030
1061319960 0.0889 0.7123
1061320080 0.0876 0.6115
1061320200 0.0857 0.6483
1061320328 0.1409 0.5345
1061320448 0.1722 0.5439
1061320568 0.1503 0.5704
1061320688 0.1105 0.6246
1061656320 0.1974 0.6276
1061656560 0.1512 0.6124
1061656808 0.1139 0.6443
1061656928 0.1151 0.6155
1061657048 0.1739 0.5492
1061657176 0.1633 0.6091
1061657296 0.1026 0.6226
1061657416 0.1505 0.5833
1061657536 0.1810 0.6217
1061657664 0.1064 0.5812
1061657784 0.1011 0.5823
1061657904 0.0913 0.6469
1061658024 0.1866 0.6065
1061658152 0.0970 0.5998
1061658272 0.1121 0.6900
1061658392 0.1098 0.6642
1061658640 0.2126 0.5607
1061658760 0.1108 0.6644
1061658880 0.1151 0.6691
1061659000 0.2201 0.6471
1061659128 0.1274 0.6566
1061659248 0.1132 0.6244
1061659368 0.1042 0.6400
1061659488 0.1498 0.6217
1061659616 0.1137 0.6278
1061659736 0.1953 0.5806
1061659856 0.1134 0.5696
1061659976 0.1046 0.5736
1061660104 0.1206 0.6360
1061660224 0.1344 0.6137
1061660344 0.2139 0.5718
1061660464 0.1208 0.5820
1061660592 0.1239 0.5540
1061660712 0.1975 0.6108
1061660832 0.1273 0.6576
1061661080 0.1198 0.6490
1061661200 0.1405 0.7021
1061661320 0.1326 0.6890
1061661440 0.1662 0.6546
1061661568 0.1125 0.7036
1061661688 0.1605 0.6119
1061661808 0.2299 0.6104
1061661928 0.1340 0.6548
1061662056 0.1457 0.5324
1061662176 0.1830 0.6146
1061662296 0.2019 0.6372
1061662416 0.2075 0.6912
1061662904 0.1251 0.6268
1061663032 0.1769 0.6396
1061663152 0.1862 0.6105
1061663272 0.2219 0.5958
1061663392 0.1950 0.6837
1061663520 0.1812 0.6418
1061663640 0.1277 0.6308
1061663760 0.1967 0.6587
1061663880 0.1370 0.5750
1061664008 0.1987 0.5987
1061664128 0.1339 0.5669
1061664368 0.2152 0.5315
1061665472 0.1743 0.7152
1062173424 0.1748 0.5652
1062173544 0.0933 0.5849
1062173672 0.1002 0.5316
1062173792 0.1014 0.5361
1062173912 0.1742 0.5858
1062174032 0.1076 0.5890
1062174160 0.2525 0.6040
1062174520 0.1113 0.6054
1062174648 0.2698 0.5602
1062175136 0.1840 0.5172
1062175256 0.1659 0.5189
1062175376 0.1118 0.6055
1062175496 0.1134 0.5986
1062175624 0.1954 0.5468
1062175744 0.1730 0.5451
1062175984 0.1831 0.5819
1062176112 0.0956 0.5446
1062176232 0.0918 0.5477
1062176352 0.0884 0.5175
1062176472 0.0999 0.5337
1062176600 0.1660 0.5193
1062176840 0.0826 0.5449
1062345632 0.1061 0.5352
1062345752 0.1003 0.5417
1062345872 0.2799 0.5664
1062346000 0.0969 0.5550
1062346120 0.1015 0.5881
1062346240 0.0986 0.5355
1062346360 0.0884 0.5472
1062346488 0.0888 0.5364
1062346608 0.0854 0.5394
1062346728 0.1530 0.5591
1062346848 0.2437 0.5854
1062346976 0.0796 0.5631
1062347096 0.0805 0.5215
1062347216 0.0754 0.5522
1062347336 0.1270 0.5391
1062347584 0.0831 0.6648
1062347704 0.0810 0.6534
1062347824 0.1918 0.5766
1062347952 0.1005 0.5184
1062348072 0.1867 0.5794
1062348192 0.1823 0.6363
1062348312 0.1592 0.6471
1062348440 0.2409 0.5827
1062348560 0.0916 0.5240
1062348680 0.0935 0.5588
1062348928 0.2437 0.5530
1062349048 0.0930 0.5057
1062349168 0.1959 0.5422
1062349288 0.0830 0.5479
1062349416 0.1699 0.5739
1062349536 0.1732 0.5065
1062349656 0.0882 0.6420
1062349776 0.1697 0.6018
1062349904 0.0869 0.5741
1062350024 0.0858 0.5030
1062350144 0.0851 0.5290
1062350264 0.2101 0.5623
1062350392 0.0811 0.5584
1062350512 0.0820 0.5858
1062350632 0.1678 0.5748
1062350752 0.0823 0.5633
1062350880 0.2196 0.5190
1062351000 0.0878 0.5107
1062351120 0.1673 0.5974
1062351240 0.1603 0.5933
1062351368 0.1012 0.6747
1062351488 0.1084 0.6578
1062351728 0.0829 0.5786
1062351856 0.0771 0.5304
1062351976 0.2469 0.5923
1062352096 0.0848 0.5935
1062352216 0.2391 0.5351
1062352344 0.0881 0.5747
1062352464 0.1730 0.6447
1062352704 0.0744 0.5308
1062353072 0.1816 0.5495
1062353192 0.0858 0.6810
1062353320 0.0993 0.6225
1062353440 0.1498 0.5465
1062353560 0.1150 0.5522
1062353808 0.1648 0.5897
1062354048 0.1886 0.5883
1062354296 0.0872 0.7127
1062354536 0.0832 0.8698
1062354656 0.0904 0.9304
1062354784 0.1540 0.5627
1062518080 0.1438 0.7055
1062518200 0.1498 0.7437
1062518328 0.1491 0.7356
1062518448 0.1521 0.7257
1062518568 0.1800 0.7131
1062518688 0.1697 0.7335
1062518816 0.3343 0.6041
1062518936 0.1541 0.6756
1062519056 0.1564 0.7087
1062519176 0.1565 0.6454
1062519304 0.1640 0.6586
1062519424 0.1565 0.7317
1062519544 0.1555 0.7070
1062519664 0.1535 0.7325
1062519912 0.1543 0.6914
1062520032 0.1703 0.6830
1062520152 0.1682 0.6503
1062520280 0.1632 0.6460
1062520400 0.1579 0.6344
1062520520 0.1702 0.6101
1062520640 0.1675 0.5973
1062520768 0.1778 0.6289
1062520888 0.1555 0.6124
1062521008 0.1582 0.6581
1062521128 0.1634 0.6468
1062521256 0.1508 0.5893
1062521376 0.1496 0.6186
1062521496 0.1614 0.6047
1062521744 0.3239 0.6156
1062521984 0.1652 0.5898
1062522104 0.1526 0.6218
1062522232 0.1551 0.6343
1062522472 0.1668 0.6986
1062522592 0.1577 0.6736
1062522720 0.1762 0.7054
1062522840 0.1706 0.7486
1062522960 0.1701 0.7242
1062523328 0.1432 0.6639
1062523448 0.1582 0.6870
1062523568 0.1617 0.7600
1062523696 0.1419 0.5658
1062523816 0.1554 0.6879
1062523936 0.1484 0.5560
1062524056 0.1562 0.6226
1062524184 0.1479 0.7696
1062524304 0.1418 0.6388
1062524424 0.1468 0.6311
1062524792 0.1669 0.6969
1062524912 0.1784 0.7230
1062525160 0.1659 0.6373
1062525648 0.2001 0.7888
1062525888 0.1836 0.7517
1062526008 0.1652 0.7782
1062526136 0.1592 0.7695
1062526256 0.1668 0.7823
1062526376 0.1750 0.8630
1062526496 0.2121 0.8608
1062526624 0.2008 0.7959
1062526744 0.1850 0.7488
1062526864 0.1731 0.5697
1062527112 0.1840 0.7281
1062779016 0.1046 0.5771
1062779136 0.0959 0.5450
1062779256 0.1024 0.6102
1062779384 0.1079 0.5817
1062779504 0.1012 0.5642
1062779624 0.0997 0.5745
1062779872 0.1049 0.5900
1062779992 0.0977 0.5377
1062780112 0.0953 0.5729
1062780232 0.0955 0.5504
1062780480 0.0978 0.6044
1062780600 0.0961 0.5778
1062780720 0.0951 0.5499
1062780848 0.0914 0.5954
1062780968 0.0959 0.5775
1062781088 0.0876 0.6223
1062781576 0.0974 0.6442
1062783528 0.0942 0.5865
1062783776 0.1002 0.6421
1062783896 0.1068 0.5991
1062784136 0.1043 0.7058
1062784264 0.1075 0.5720
1062784384 0.1002 0.5543
1062948784 0.1211 0.5964
1062948904 0.1203 0.6146
1062949024 0.1168 0.6882
1062949144 0.1034 0.7145
1062949272 0.1079 0.6493
1062949392 0.1206 0.5876
1062949512 0.1069 0.5615
1062949632 0.1066 0.5886
1062949760 0.1201 0.5873
1062950000 0.1002 0.6213
1062950120 0.1157 0.5787
1062950248 0.1041 0.5659
1062950368 0.1031 0.6872
1062950488 0.1183 0.5963
1062950608 0.1265 0.5890
1062950736 0.1163 0.6473
1062950976 0.1180 0.5920
1062951096 0.1121 0.6120
1062951224 0.1142 0.5360
1062951344 0.1120 0.6119
1062951464 0.1105 0.5965
1062951584 0.1153 0.6500
1062951712 0.1061 0.6439
1062951832 0.1171 0.6269
1062951952 0.1050 0.6264
1062952072 0.1155 0.6201
1062952200 0.1214 0.5598
1062952320 0.1198 0.5924
1062952440 0.1157 0.5526
1062952560 0.1103 0.6186
1062952688 0.1193 0.6317
1062952808 0.1122 0.6446
1062952928 0.1141 0.5843
1062953048 0.1149 0.5810
1062953176 0.1126 0.6161
1062953296 0.1129 0.5967
1062953416 0.1158 0.5466
1062953536 0.1122 0.5619
1062953664 0.1149 0.6478
1062953784 0.1102 0.6308
1062953904 0.1159 0.6820
1062954024 0.1221 0.6485
1062954152 0.1216 0.6353
1062954272 0.1205 0.5841
1062955248 0.1180 0.5522
1062955616 0.1225 0.6136
1062956104 0.1225 0.7019
1063121112 0.1871 0.7103
1063121232 0.1875 0.6767
1063121352 0.1995 0.7020
1063121472 0.2025 0.7122
1063121600 0.2103 0.7214
1063121720 0.1942 0.6188
1063121840 0.1808 0.6374
1063121960 0.1981 0.6330
1063122088 0.1893 0.6184
1063122208 0.1806 0.6060
1063122328 0.1713 0.5310
1063122448 0.1510 0.5708
1063122576 0.1553 0.5901
1063122696 0.1481 0.5818
1063122816 0.1437 0.5632
1063122936 0.1421 0.5325
1063123064 0.1471 0.7018
1063123184 0.1426 0.6559
1063123304 0.1701 0.5836
1063123552 0.1417 0.5623
1063123672 0.1386 0.5816
1063123792 0.1384 0.6443
1063124040 0.1455 0.5880
1063124160 0.1480 0.5939
1063124400 0.1631 0.5538
1063124528 0.1586 0.5474
1063124648 0.1511 0.5305
1063124768 0.1490 0.5138
1063124888 0.1577 0.5673
1063125016 0.1639 0.5516
1063125136 0.1658 0.5768
1063125256 0.1757 0.5513
1063125376 0.1813 0.5565
1063125504 0.1736 0.6006
1063125624 0.1821 0.6335
1063125744 0.1834 0.6621
1063125864 0.1844 0.6679
1063126112 0.1771 0.6556
1063126232 0.1728 0.6386
1063126352 0.1731 0.6307
1063126480 0.1597 0.6003
1063126600 0.1618 0.5954
1063126840 0.1642 0.5157
1063126968 0.1833 0.7044
1063127088 0.2023 0.6158
1063127208 0.1987 0.6824
1063127696 0.1831 0.7335
1063127944 0.1873 0.7331
1063128064 0.1985 0.7748
1063128184 0.1803 0.7634
1063128304 0.1774 0.7631
1063128432 0.1945 0.7864
1063128552 0.1985 0.5406
1063128672 0.1888 0.6073
1063128792 0.2224 0.5492
1063128920 0.2210 0.5432
1063129040 0.1965 0.6542
1063129160 0.1913 0.6920
1063129528 0.1931 0.6197
1063129648 0.1760 0.6539
1063129768 0.1915 0.7162
1063130016 0.1935 0.6796
1063130136 0.1766 0.8003
1063130256 0.1929 0.5539
1063465768 0.0908 0.5669
1063465888 0.0807 0.5375
1063466008 0.0982 0.6872
1063466128 0.0940 0.6016
1063466256 0.0968 0.5960
1063466376 0.0977 0.5448
1063466496 0.0875 0.5394
1063466616 0.0910 0.5294
1063466864 0.0890 0.5807
1063466984 0.0764 0.6472
1063467104 0.0851 0.5335
1063467232 0.0844 0.5263
1063467352 0.0861 0.6076
1063467472 0.0863 0.5586
1063467592 0.0886 0.5435
1063467720 0.0886 0.6021
1063468080 0.0868 0.5576
1063468208 0.0817 0.5878
1063468328 0.0902 0.6311
1063468448 0.0880 0.6030
1063468568 0.0925 0.5577
1063468696 0.0922 0.5295
1063468816 0.0856 0.5496
1063468936 0.0792 0.5581
1063469056 0.0842 0.5475
1063469304 0.0892 0.6036
1063469424 0.0816 0.5764
1063469544 0.0924 0.5513
1063469672 0.0924 0.5405
1063469912 0.0874 0.6032
1063470032 0.0863 0.5593
1063470160 0.0896 0.6045
1063470280 0.0861 0.6268
1063470400 0.0887 0.5715
1063470520 0.0873 0.5518
1063470648 0.0917 0.6268
1063470768 0.0818 0.5952
1063470888 0.0956 0.5507
1063471008 0.0925 0.5908
1063471136 0.1016 0.5178
1063472112 0.0813 0.5613
1063472232 0.0833 0.5466
1063472352 0.0856 0.5092
1063472472 0.0850 0.5585
1063472720 0.0805 0.5897
1063473208 0.1001 0.6666
1063638096 0.1021 0.5725
1063638216 0.0943 0.6727
1063638336 0.0918 0.6066
1063638456 0.0932 0.6421
1063638584 0.0945 0.6368
1063638704 0.0985 0.5562
1063638824 0.0950 0.5865
1063638944 0.0915 0.5837
1063639072 0.0950 0.5693
1063639192 0.0964 0.6072
1063639312 0.1047 0.5872
1063639432 0.1127 0.5244
1063639560 0.1073 0.6011
1063639680 0.1118 0.5791
1063640048 0.1038 0.6558
1063640168 0.0994 0.7162
1063640288 0.1117 0.5828
1063640408 0.0963 0.5693
1063640656 0.0965 0.5827
1063640896 0.0959 0.6220
1063641024 0.0920 0.5761
1063641264 0.0901 0.5815
1063641384 0.0922 0.6102
1063641512 0.1021 0.5848
1063641632 0.0906 0.5662
1063641752 0.0845 0.5579
1063641872 0.1066 0.6264
1063642000 0.1074 0.6288
1063642120 0.0993 0.5743
1063642240 0.1054 0.5904
1063642360 0.1048 0.6346
1063642488 0.0967 0.6867
1063642608 0.1007 0.6378
1063642728 0.1035 0.6155
1063642848 0.0998 0.5921
1063642976 0.1108 0.6941
1063643096 0.0971 0.7170
1063643216 0.1035 0.7043
1063643336 0.1022 0.7248
1063643464 0.1119 0.6534
1063643584 0.1048 0.6314
1063643824 0.1661 0.6565
1063644072 0.1558 0.6567
1063644312 0.1572 0.7990
1063644440 0.1618 0.7207
1063644680 0.1637 0.6926
1063644928 0.1612 0.6703
1063645168 0.1662 0.6932
1063645288 0.1592 0.6664
1063645416 0.1459 0.6512
1063645536 0.1155 0.5968
1063645776 0.1219 0.6905
1063645904 0.1089 0.7072
1063646024 0.1168 0.6028
1063646144 0.1208 0.6540
1063646264 0.1200 0.5563
1063646392 0.1242 0.6690
1063646512 0.1058 0.6037
1063646752 0.1052 0.6325
1063647000 0.1127 0.7103
1063647120 0.1060 0.8271
1064585896 0.0973 0.5859
1064586016 0.0873 0.5937
1064586144 0.0937 0.6661
1064586264 0.0893 0.6218
1064586384 0.0951 0.6406
1064586504 0.1004 0.5965
1064586752 0.1002 0.6433
1064586872 0.0970 0.6410
1064586992 0.0961 0.6168
1064587120 0.0996 0.6349
1064587240 0.1068 0.5682
1064587360 0.0980 0.6102
1064587480 0.0910 0.6616
1064587608 0.0892 0.5842
1064587728 0.0826 0.5081
1064587848 0.0851 0.6439
1064587968 0.0812 0.6470
1064588096 0.0944 0.5774
1064588216 0.0941 0.5710
1064588336 0.0855 0.5940
1064588456 0.0844 0.6212
1064588704 0.0914 0.5936
1064588824 0.0937 0.6092
1064588944 0.0971 0.5847
1064589072 0.0923 0.6043
1064589192 0.0935 0.6168
1064589312 0.1085 0.6181
1064589432 0.1031 0.5614
1064589560 0.0938 0.5413
1064589680 0.0985 0.5600
1064589800 0.1039 0.5952
1064590048 0.0939 0.6057
1064590168 0.0981 0.5912
1064590408 0.0988 0.6403
1064590776 0.0936 0.6596
1064761640 0.1186 0.6097
1064761768 0.1033 0.5392
1064761888 0.1040 0.5629
1064762008 0.1002 0.5483
1064762256 0.0877 0.6132
1064762376 0.0891 0.5545
1064762496 0.1020 0.6001
1064762616 0.0933 0.5881
1064762744 0.0960 0.6620
1064762864 0.1006 0.6132
1064762984 0.0884 0.5592
1064763104 0.0991 0.6035
1064763232 0.0896 0.5912
1064763352 0.0835 0.5827
1064763472 0.0929 0.5948
1064763592 0.0864 0.5368
1064763720 0.0896 0.5697
1064763960 0.1010 0.7849
1064764080 0.0949 0.7736
1064764208 0.0896 0.5989
1064764328 0.1033 0.5543
1064764448 0.1041 0.5719
1064764568 0.0936 0.7655
1064764696 0.0957 0.5443
1064764816 0.0909 0.5560
1064764936 0.0974 0.5035
1064765056 0.1008 0.5417
1064765184 0.0960 0.5992
1064765304 0.0942 0.5546
1064765424 0.0971 0.5396
1064765912 0.0956 0.7068
1064766280 0.1020 0.8334
1064766400 0.0951 0.7353
1064766520 0.1004 0.7436
1064766648 0.0888 0.6437
1064766768 0.0872 0.6374
1064766888 0.0940 0.7975
1064767008 0.0932 0.7832
1064767136 0.0905 0.8649
1064767376 0.0955 0.7874
1064930800 0.0941 0.6563
1064930920 0.0903 0.6512
1064931040 0.0857 0.6171
1064931168 0.0859 0.6617
1064931288 0.0905 0.5990
1064931408 0.0757 0.5562
1064931528 0.0801 0.6358
1064931656 0.0922 0.6491
1064931776 0.0873 0.6372
1064931896 0.0836 0.5881
1064932016 0.0850 0.5985
1064932144 0.0852 0.6563
1064932384 0.0852 0.5545
1064932504 0.0992 0.6582
1064932632 0.0965 0.6746
1064932752 0.0980 0.6494
1064932872 0.0979 0.6185
1064933120 0.0927 0.6569
1064933240 0.1029 0.6541
1064933360 0.0982 0.6910
1064933480 0.1041 0.6599
1064933608 0.1034 0.6861
1064933728 0.1026 0.6926
1064933968 0.1013 0.5760
1064934096 0.0975 0.5785
1064934216 0.0896 0.5317
1064934336 0.0920 0.5513
1064934584 0.0786 0.5484
1064934704 0.0811 0.5731
1064934824 0.0787 0.6121
1064934944 0.0862 0.6100
1064935072 0.0815 0.6276
1064935192 0.0848 0.6009
1064935312 0.0873 0.6456
1064935680 0.0829 0.7157
1064935800 0.0880 0.6514
1064935920 0.0837 0.6359
1064936048 0.0844 0.6253
1064936168 0.0883 0.7540
1064936288 0.0851 0.8763
1064936408 0.0908 0.6222
1064936536 0.0882 0.6746
1064936656 0.0860 0.6419
1064936776 0.0864 0.6001
1064936896 0.0859 0.7463
1064937024 0.0867 0.5603
1064937144 0.0821 0.6303
1064937264 0.0828 0.5345
1064937384 0.0850 0.5592
1064937632 0.0827 0.6070
1064937752 0.0923 0.6790
1064937872 0.0946 0.6665
1064938240 0.0880 0.8158
1064938360 0.0822 0.8837
1064938488 0.0909 0.7310
1064938728 0.0959 0.6791
1064938848 0.0834 0.6792
1064938976 0.0943 0.5493
1064939096 0.0948 0.5638
1064939216 0.1020 0.8161
1064939336 0.1031 0.8084
1064939464 0.1054 0.7936
1064939704 0.1001 0.7117
1065275336 0.0871 0.5985
1065275576 0.0902 0.6498
1065275696 0.0937 0.6273
1065275824 0.0923 0.6006
1065275944 0.0872 0.6024
1065276064 0.0893 0.5658
1065276184 0.0960 0.6118
1065276312 0.0894 0.6338
1065276432 0.0868 0.6435
1065276552 0.0818 0.6175
1065276672 0.0950 0.6538
1065276800 0.0849 0.6394
1065277160 0.0940 0.6776
1065277288 0.0929 0.6240
1065277408 0.0960 0.6349
1065277528 0.0901 0.6085
1065277648 0.0827 0.5612
1065277776 0.0860 0.5571
1065277896 0.0936 0.5407
1065278016 0.0917 0.6031
1065278136 0.0915 0.6001
1065278264 0.0909 0.5705
1065278384 0.0838 0.5797
1065278504 0.0850 0.6142
1065278624 0.0874 0.5741
1065278752 0.0832 0.5219
1065278872 0.0828 0.5778
1065278992 0.0790 0.5382
1065279112 0.1046 0.5812
1065279240 0.0811 0.5583
1065279360 0.0736 0.6116
1065279600 0.0771 0.5926
1065279728 0.0745 0.6382
1065279968 0.0805 0.5716
1065280088 0.0818 0.6439
1065280216 0.0724 0.6055
1065280336 0.0728 0.6552
1065280456 0.0768 0.6171
1065280576 0.0815 0.5653
1065280704 0.0720 0.5311
1065447720 0.1568 0.7550
1065447840 0.1559 0.8008
1065447968 0.1463 0.7958
1065448088 0.1517 0.8214
1065448208 0.1518 0.8191
1065448328 0.1535 0.8384
1065448576 0.1521 0.8321
1065448696 0.1528 0.8358
1065448816 0.1626 0.8629
1065448944 0.1539 0.8165
1065449064 0.1299 0.8417
1065449184 0.1481 0.8284
1065449304 0.1704 0.8446
1065449432 0.1793 0.8472
1065449552 0.1813 0.8308
1065449672 0.1657 0.8246
1065449792 0.1639 0.7877
1065449920 0.1659 0.8419
1065450160 0.1632 0.8244
1065450280 0.1621 0.7948
1065450408 0.1637 0.8357
1065450528 0.1727 0.7798
1065450648 0.1727 0.7910
1065450768 0.1631 0.8345
1065451016 0.1718 0.8017
1065451136 0.1532 0.8216
1065451256 0.1592 0.8095
1065451384 0.1546 0.8185
1065451504 0.1838 0.8014
1065451624 0.1557 0.7836
1065451744 0.1433 0.7781
1065452232 0.1296 0.8219
1065452360 0.1446 0.7956
1065452480 0.1465 0.8449
1065452600 0.1672 0.8651
1065452720 0.1550 0.8717
1065452848 0.1823 0.8567
1065452968 0.1342 0.8092
1065453088 0.1379 0.7594
1065453208 0.1247 0.8257
1065453576 0.1220 0.5639
1065455040 0.1189 0.6415
1065455648 0.1150 0.6578
1065456752 0.1368 0.6534
1065878416 0.2440 0.9004
1065878544 0.2437 0.8764
1065878664 0.2502 0.9018
1065878784 0.2885 0.8932
1065878904 0.3248 0.9067
1065879032 0.3430 0.9210
1065879152 0.4573 0.9282
1065879272 0.4041 0.9232
1065879392 0.3205 0.9279
1065879520 0.3354 0.9234
1065879640 0.3388 0.9197
1065880008 0.3397 0.9323
1065880128 0.3713 0.8905
1065880248 0.3574 0.9177
1065880368 0.3661 0.9254
1065880496 0.3052 0.9184
1065880616 0.3338 0.9118
1065880736 0.2869 0.9076
1065880856 0.3519 0.9033
1065881104 0.3525 0.8605
1065881224 0.3821 0.9221
1065881344 0.3785 0.9256
1065881472 0.3652 0.9171
1066567736 0.0872 0.5677
1066567976 0.0924 0.6158
1066568096 0.0897 0.5908
1066568224 0.0866 0.5651
1066568344 0.0839 0.5324
1066568464 0.0824 0.5603
1066568584 0.0868 0.5849
1066568712 0.0853 0.5946
1066568832 0.0777 0.5565
1066568952 0.0827 0.5609
1066569072 0.0804 0.5437
1066569200 0.0804 0.5751
1066569320 0.0808 0.6089
1066569560 0.0963 0.6430
1066569688 0.0911 0.7271
1066569808 0.0892 0.6684
1066569928 0.0904 0.6514
1066570048 0.0861 0.6680
1066570176 0.0835 0.6194
1066570296 0.0867 0.5662
1066570416 0.0841 0.5670
1066570536 0.0807 0.5731
1066570664 0.0840 0.5101
1066570784 0.0890 0.5635
1066570904 0.0872 0.5456
1066571024 0.0784 0.5901
1066571152 0.0791 0.5373
1066571272 0.0783 0.5725
1066571392 0.0872 0.5201
1066571512 0.0858 0.5574
1066571640 0.0895 0.5799
1066571760 0.0857 0.6147
1066571880 0.0838 0.5490
1066572000 0.0867 0.5903
1066572248 0.0848 0.6148
1066572368 0.0858 0.5574
1066572736 0.0910 0.6571
1066572856 0.0854 0.6248
1066572976 0.0847 0.6510
1066573104 0.0900 0.6285
1066573224 0.0873 0.6176
1066573344 0.0860 0.5787
1066573464 0.0826 0.8414
1066573592 0.0877 0.8498
1066573712 0.0915 0.8146
1066573832 0.0896 0.6259
1066573952 0.0838 0.5680
1066574080 0.0866 0.5294
1066574200 0.0846 0.5252
1066574320 0.0795 0.5392
1066574440 0.0903 0.5578
1066574568 0.0974 0.5775
1066574808 0.0957 0.6083
1066574928 0.1078 0.5866
1066575056 0.1310 0.5313
1066575176 0.1195 0.6193
1066575296 0.1186 0.7635
1066575416 0.1206 0.7860
1066575544 0.1160 0.6561
1066575664 0.1201 0.8082
1066575784 0.1211 0.8156
1066575904 0.1281 0.8520
1066576032 0.1325 0.8650
1066576152 0.1367 0.7487
1066576272 0.1435 0.6861
1066576392 0.1860 0.6682
1066576520 0.1990 0.6313
1066576640 0.2032 0.7201
1066576760 0.1964 0.7360
1066576880 0.1884 0.7991
1066740064 0.1897 0.5345
1066740304 0.1784 0.5424
1066740424 0.2314 0.5454
1066740552 0.2285 0.6220
1066740672 0.2096 0.6265
1066740792 0.1685 0.6503
1066740912 0.1415 0.6475
1066741040 0.1314 0.5627
1066741160 0.1470 0.5802
1066741280 0.1694 0.5492
1066741400 0.1643 0.6444
1066741528 0.1548 0.5855
1066741648 0.1432 0.6560
1066741768 0.1595 0.7035
1066741888 0.1555 0.6423
1066742016 0.1702 0.6499
1066742136 0.1921 0.6447
1066742256 0.1821 0.7059
1066742376 0.1825 0.7181
1066742504 0.1675 0.6979
1066742624 0.1681 0.6391
1066742744 0.1495 0.6144
1066742992 0.1655 0.6435
1066743112 0.1526 0.6520
1066743232 0.1846 0.5938
1066743352 0.1929 0.6096
1066743480 0.1851 0.5893
1066743600 0.1770 0.6011
1066743720 0.1807 0.7062
1066743840 0.1978 0.7457
1066743968 0.1796 0.6758
1066744696 0.1778 0.6828
1066744816 0.1604 0.6935
1067084720 0.0960 0.5783
1067084840 0.1008 0.6634
1067084960 0.0957 0.6346
1067085080 0.1039 0.6351
1067085568 0.1138 0.5997
1067085696 0.1143 0.6155
1067085816 0.1171 0.6538
1067086056 0.1278 0.7273
1067086424 0.1280 0.6387
1067086544 0.1318 0.7285
1067086792 0.1557 0.8122
1067086912 0.1637 0.8000
1067087032 0.1585 0.7923
1067087160 0.1594 0.7739
1067087400 0.1247 0.6461
1067087520 0.1194 0.6191
1067087888 0.1154 0.6047
1067088008 0.1239 0.6108
1067088376 0.1206 0.6373
1067088496 0.1311 0.7015
1067088624 0.1182 0.6941
1067088744 0.1186 0.6904
1067088864 0.1173 0.5919
1067088984 0.1269 0.6071
1067089472 0.1208 0.5941
1067089600 0.1132 0.7001
1067089960 0.1161 0.6525
1067090088 0.1080 0.6455
1067090208 0.1092 0.8210
1067090696 0.1028 0.8779
1067090816 0.1184 0.7141
1067090936 0.1262 0.5583
1067091064 0.1169 0.6128
1067091184 0.1158 0.5512
1067091304 0.1225 0.5962
1067091424 0.1356 0.5667
1067091552 0.1344 0.6120
1067091672 0.1507 0.6119
1067091912 0.1237 0.6526
1067092160 0.1155 0.6796
1067092280 0.1342 0.7209
1067092400 0.1339 0.5533
1067092528 0.1319 0.6419
1067092648 0.1466 0.6956
1067092768 0.1615 0.5964
1067092888 0.1685 0.6543
1067093016 0.1713 0.6949
1067093256 0.1660 0.7175
1067093376 0.1447 0.7380
1067093504 0.1295 0.8951
1067093864 0.1295 0.6118
1067257048 2.0815 0.9514
1067260096 1.7048 0.9117
1068808856 0.5198 0.5499
1068809096 0.0862 0.7114
1068809216 0.0880 0.5710
1068809344 0.1008 0.5395
1068809464 0.0860 0.5337
1068809584 0.0853 0.6094
1068809704 0.0784 0.6217
1068809832 0.0916 0.6596
1068809952 0.0887 0.7030
1068810072 0.0914 0.6768
1068810192 0.0887 0.6162
1068810320 0.0863 0.5780
1068810440 0.0900 0.6346
1068810560 0.0891 0.5443
1068810680 0.0895 0.5706
1068810808 0.0837 0.5713
1068810928 0.0800 0.5902
1068811048 0.0924 0.6204
1068811296 0.0875 0.5913
1068811416 0.0891 0.5516
1068811536 0.0889 0.5408
1068811656 0.0915 0.5164
1068811784 0.0934 0.5223
1068811904 0.0884 0.5561
1068812024 0.0784 0.6389
1068812144 0.0765 0.5476
1068812272 0.0767 0.5748
1068812392 0.0874 0.5805
1068812512 0.0852 0.5672
1068812632 0.0850 0.5329
1068812760 0.0900 0.6165
1068812880 0.0916 0.5979
1068813000 0.1040 0.6361
1068813120 0.1075 0.6165
1068813368 0.0897 0.6047
1068813488 0.0931 0.8891
1068813608 0.0907 0.7945
1068813856 0.0828 0.8316
1068813976 0.0772 0.8719
1068814096 0.0846 0.7366
1068814224 0.0750 0.5516
1068814344 0.0789 0.7385
1068814464 0.0877 0.5616
1068814584 0.0821 0.6036
1068814712 0.0834 0.6936
1068814832 0.0794 0.5926
1068814952 0.0768 0.6571
1068815072 0.0738 0.6408
1068815320 0.0893 0.7064
1068815440 0.0911 0.8397
1068815560 0.0922 0.8274
1068815688 0.0942 0.7937
1068815808 0.0914 0.8304
1068815928 0.1047 0.8651
1068816048 0.1027 0.7988
1068816176 0.1175 0.8848
1068816296 0.1067 0.7249
1068816416 0.1009 0.5881
1068816536 0.0898 0.7274
1068816664 0.0909 0.8819
1068816784 0.0802 0.9301
1068816904 0.0773 0.9450
1068817024 0.0796 0.8953
1069759856 0.1190 0.5869
1069759984 0.0985 0.5534
1069760104 0.0942 0.6138
1069760224 0.1016 0.6039
1069760344 0.1039 0.5342
1069760464 0.0918 0.6382
1069760592 0.1041 0.5376
1069760712 0.0935 0.5086
1069760832 0.0913 0.5452
1069760952 0.0890 0.5623
1069761080 0.0907 0.5446
1069761200 0.0888 0.6319
1069761320 0.0934 0.6880
1069761440 0.0852 0.5803
1069762176 0.0943 0.7292
1069762784 0.0856 0.5858
1069762904 0.0781 0.5525
1069764864 0.1163 0.7659
