1065280576
1065280704
1065447720
1065447840
1065447968
1065448088
1065448208
1065448328
1065448576
1065448696
1065448816
1065448944
1065449064
1065449184
1065449304
1065449432
1065449552
1065449672
1065449792
1065449920
1065450160
1065450280
1065450408
1065450528
1065450648
1065450768
1065451016
1065451136
1065451256
1065451384
1065451504
1065451624
1065451744
1065452232
1065452360
1065452480
1065452600
1065452720
1065452848
1065452968
1065453088
1065453208
1065453576
1065455040
1065455648
1065456752
1065878416
1065878544
1065878664
1065878784
1065878904
1065879032
1065879152
1065879272
1065879392
1065879520
1065879640
1065880008
1065880128
1065880248
1065880368
1065880496
1065880616
1065880736
1065880856
1065881104
1065881224
1065881344
1065881472
1066567736
1066567976
1066568096
1066568224
1066568344
1066568464
1066568584
1066568712
1066568832
1066568952
1066569072
1066569200
1066569320
1066569560
1066569688
1066569808
1066569928
1066570048
1066570176
1066570296
1066570416
1066570536
1066570664
1066570784
1066570904
1066571024
1066571152
1066571272
1066571392
1066571512
1066571640
