1066571760
1066571880
1066572000
1066572248
1066572368
1066572736
1066572856
1066572976
1066573104
1066573224
1066573344
1066573464
1066573592
1066573712
1066573832
1066573952
1066574080
1066574200
1066574320
1066574440
1066574568
1066574808
1066574928
1066575056
1066575176
1066575296
1066575416
1066575544
1066575664
1066575784
1066575904
1066576032
1066576152
1066576272
1066576392
1066576520
1066576640
1066576760
1066576880
1066740064
1066740304
1066740424
1066740552
1066740672
1066740792
1066740912
1066741040
1066741160
1066741280
1066741400
1066741528
1066741648
1066741768
1066741888
1066742016
1066742136
1066742256
1066742376
1066742504
1066742624
1066742744
1066742992
1066743112
1066743232
1066743352
1066743480
1066743600
1066743720
1066743840
1066743968
1066744696
1066744816
1067084720
1067084840
1067084960
1067085080
1067085328
1067085448
1067085568
1067085696
1067085816
1067085936
1067086056
1067086304
1067086424
1067086544
1067086792
1067086912
1067087032
1067087160
1067087280
1067087400
1067087520
1067087648
1067087768
1067087888
1067088008
1067088136
1067088376
1067088496
