1063128672
1063128792
1063128920
1063129040
1063129160
1063129528
1063129648
1063129768
1063130016
1063130136
1063130256
1063465768
1063465888
1063466008
1063466128
1063466256
1063466376
1063466496
1063466616
1063466744
1063466864
1063466984
1063467104
1063467232
1063467352
1063467472
1063467592
1063467720
1063468080
1063468208
1063468328
1063468448
1063468568
1063468696
1063468816
1063468936
1063469056
1063469304
1063469424
1063469544
1063469672
1063469912
1063470032
1063470160
1063470280
1063470400
1063470520
1063470648
1063470768
1063470888
1063471008
1063471136
1063472112
1063472232
1063472352
1063472472
1063472720
1063473208
1063638096
1063638216
1063638336
1063638456
1063638584
1063638704
1063638824
1063638944
1063639072
1063639192
1063639312
1063639432
1063639560
1063639680
1063640048
1063640168
1063640288
1063640408
1063640656
1063640896
1063641024
1063641264
1063641384
1063641512
1063641632
1063641752
1063641872
1063642000
1063642120
1063642240
1063642360
1063642488
1063642608
1063642728
1063642848
1063642976
1063643096
1063643216
1063643336
1063643464
1063643584
1063643824
