1061311664
1061311784
1061312032
1061312152
1061312272
1061312392
1061312520
1061312640
1061312760
1061312880
1061313008
1061313248
1061313496
1061313616
1061313736
1061313856
1061313984
1061314104
1061314224
1061314344
1061314472
1061314592
1061314712
1061314832
1061314960
1061315080
1061315320
1061315448
1061315568
1061315808
1061315936
1061316056
1061316296
1061316424
1061316544
1061316664
1061316784
1061316912
1061317032
1061317152
1061317272
1061317400
1061317520
1061317640
1061317888
1061318008
1061318128
1061318248
1061318376
1061318496
1061318616
1061318736
1061318864
1061319472
1061319592
1061319712
1061319840
1061319960
1061320080
1061320200
1061320328
1061320448
1061320568
1061320688
1061656320
1061656560
1061656808
1061656928
1061657048
1061657176
1061657296
1061657416
1061657536
1061657664
1061657784
1061657904
1061658024
1061658152
1061658272
1061658392
1061658640
1061658760
1061658880
1061659000
1061659128
1061659248
1061659368
1061659488
1061659616
1061659736
1061659856
1061659976
1061660104
1061660224
1061660344
1061660464
1061660592
1061660712
1061660832
1061661080
