1063644072
1063644312
1063644440
1063644680
1063644928
1063645168
1063645288
1063645416
1063645536
1063645776
1063645904
1063646024
1063646144
1063646264
1063646392
1063646512
1063646752
1063646880
1063647000
1063647120
1064585896
1064586016
1064586144
1064586264
1064586384
1064586504
1064586752
1064586872
1064586992
1064587120
1064587240
1064587360
1064587480
1064587608
1064587728
1064587848
1064587968
1064588096
1064588216
1064588336
1064588456
1064588704
1064588824
1064588944
1064589072
1064589192
1064589312
1064589432
1064589560
1064589680
1064589800
1064590048
1064590168
1064590408
1064590776
1064761640
1064761768
1064761888
1064762008
1064762256
1064762376
1064762496
1064762616
1064762744
1064762864
1064762984
1064763104
1064763232
1064763352
1064763472
1064763592
1064763720
1064763960
1064764080
1064764208
1064764328
1064764448
1064764568
1064764696
1064764816
1064764936
1064765056
1064765184
1064765304
1064765424
1064765672
1064765792
1064765912
1064766160
1064766280
1064766400
1064766520
1064766648
1064766768
1064766888
1064767008
1064767136
1064767376
1064930800
1064930920
