1061311664
1061311784
1061312032
1061312152
1061312272
1061312392
1061312520
1061312640
1061312760
1061312880
1061313008
1061313248
1061313496
1061313616
1061313736
1061313856
1061313984
1061314104
1061314224
1061314344
1061314472
1061314592
1061314712
1061314832
1061314960
1061315080
1061315320
1061315448
1061315568
1061315808
1061315936
1061316056
1061316296
1061316424
1061316544
1061316664
1061316784
1061316912
1061317032
1061317152
1061317272
1061317400
1061317520
1061317640
1061317888
1061318008
1061318128
1061318248
1061318376
1061318496
1061318616
1061318736
1061318864
1061319472
1061319592
1061319712
1061319840
1061319960
1061320080
1061320200
1061320328
1061320448
1061320568
1061320688
1061656320
1061656560
1061656808
1061656928
1061657048
1061657176
1061657296
1061657416
1061657536
1061657664
1061657784
1061657904
1061658024
1061658152
1061658272
1061658392
1061658640
1061658760
1061658880
1061659000
1061659128
1061659248
1061659368
1061659488
1061659616
1061659736
1061659856
1061659976
1061660104
1061660224
1061660344
1061660464
1061660592
1061660712
1061660832
1061661080
1061661200
1061661320
1061661440
1061661568
1061661688
1061661808
1061661928
1061662056
1061662176
1061662296
1061662416
1061662904
1061663032
1061663152
1061663272
1061663392
1061663520
1061663640
1061663760
1061663880
1061664008
1061664128
1061664368
1061665472
1062173424
1062173544
1062173672
1062173792
1062173912
1062174032
1062174160
1062174400
1062174520
1062174648
1062175136
1062175256
1062175376
1062175496
1062175624
1062175744
1062175984
1062176112
1062176232
1062176352
1062176472
1062176600
1062176840
1062345632
1062345752
1062345872
1062346000
1062346120
1062346240
1062346360
1062346488
1062346608
1062346728
1062346848
1062346976
1062347096
1062347216
1062347336
1062347464
1062347584
1062347704
1062347824
1062347952
1062348072
1062348192
1062348312
1062348440
1062348560
1062348680
1062348928
1062349048
1062349168
1062349288
1062349416
1062349536
1062349656
1062349776
1062349904
1062350024
1062350144
1062350264
1062350392
1062350512
1062350632
1062350752
1062350880
1062351000
1062351120
1062351240
1062351368
1062351488
1062351728
1062351856
1062351976
1062352096
1062352216
1062352344
1062352464
1062352704
1062353072
1062353192
1062353320
1062353440
1062353560
1062353808
1062354048
1062354296
1062354536
1062354656
1062354784
1062518080
1062518200
1062518328
1062518448
1062518568
1062518688
1062518816
1062518936
1062519056
1062519176
1062519304
1062519424
1062519544
1062519664
1062519912
1062520032
1062520152
1062520280
1062520400
1062520520
1062520640
1062520768
1062520888
1062521008
1062521128
1062521256
1062521376
1062521496
1062521744
1062521984
1062522104
1062522232
1062522472
1062522592
1062522720
1062522840
1062522960
1062523328
1062523448
1062523568
1062523696
1062523816
1062523936
1062524056
1062524184
1062524304
1062524424
1062524792
1062524912
1062525160
1062525520
1062525648
1062525888
1062526008
1062526136
1062526256
1062526376
1062526496
1062526624
1062526744
1062526864
1062527112
