1061317400
1061317520
1061661200
1061662416
1061663392
1061665472
1062354536
1062354656
1062518080
1062518200
1062518328
1062518448
1062518568
1062518688
1062519056
1062519424
1062519544
1062519664
1062522472
1062522720
1062522840
1062522960
1062523568
1062524184
1062524792
1062524912
1062525648
1062525888
1062526008
1062526136
1062526256
1062526376
1062526496
1062526624
1062526744
1062527112
1063121112
1063121352
1063121472
1063121600
1063123064
1063126968
1063127208
1063127696
1063127944
1063128064
1063128184
1063128304
1063128432
1063129160
1063129768
1063130136
1063643336
1063644312
1063644440
1063644680
1063645168
1063647120
1064763960
1064764080
1064764568
1064766280
1064766400
1064766520
1064766888
1064767008
1064767136
1064767376
1064936168
1064936288
1064936896
1064938240
1064938360
1064938488
1064939216
1064939336
1064939464
1065447720
1065447840
1065447968
1065448088
1065448208
1065448328
1065448576
1065448696
1065448816
1065448944
1065449064
1065449184
1065449304
1065449432
1065449552
1065449672
1065449792
1065449920
1065450160
1065450280
1065450408
1065450528
1065450648
1065450768
1065451016
1065451136
1065451256
1065451384
1065451504
1065451624
1065451744
1065452232
1065452360
1065452480
1065452600
1065452720
1065452848
1065452968
1065453088
1065453208
1065878416
1065878544
1065878664
1065878784
1065878904
1065879032
1065879152
1065879272
1065879392
1065879520
1065879640
1065880008
1065880128
1065880248
1065880368
1065880496
1065880616
1065880736
1065880856
1065881104
1065881224
1065881344
1065881472
1066569688
1066573464
1066573592
1066573712
1066575296
1066575416
1066575664
1066575784
1066575904
1066576032
1066576152
1066576640
1066576760
1066576880
1066741768
1066742256
1066742376
1066742504
1066743720
1066743840
1067086056
1067086544
1067086792
1067086912
1067087032
1067087160
1067090208
1067090696
1067090816
1067092280
1067093016
1067093256
1067093376
1067093504
1067257048
1067260096
1068808856
1068813488
1068813608
1068813856
1068813976
1068814096
1068814344
1068815440
1068815560
1068815688
1068815808
1068815928
1068816048
1068816176
1068816296
1068816536
1068816664
1068816784
1068816904
1068817024
1069762176
1069764864
