1089577208
1089577328
1089577456
1089577576
1089577696
1089577816
1089577944
1089578064
1089578184
1089578304
1089578432
1089578552
1089578672
1089578792
1089578920
1089663376
1089663496
1089663616
1089663736
1089663864
1089663984
1089664104
1089664224
1089664352
1089664472
1089664592
1089664712
1089664840
1089664960
1089665080
1089749536
1089749656
1089749784
1089749904
1089750024
1089750144
1089750272
1089750392
1089750880
1089751000
1089751120
1089751248
1089921864
1089921984
1089922112
1089922232
1089922352
1089922472
1089922600
1089922720
1089922840
1089922960
1089923088
1089923208
1089923328
1089923448
1089923576
1090008032
1090008152
1090008272
1090008392
1090008520
1090008640
1090008760
1090008880
1090009008
1090009128
1090009248
1090009368
1090009496
1090009616
1090009736
1090095048
1090095168
1090095288
1090095416
1090095536
1090095656
1090095776
1090095904
1090180360
1090180480
1090180600
1090180720
1090180848
1090180968
1090181088
1090181208
1090181336
1090181456
1090181576
1090181696
1090181824
1090181944
1090182064
1090352688
1090352808
1090352928
1090353048
1090353176
