1090956928
1090957056
1090957176
1090957296
1090957416
1090957544
1091042000
1091042120
1091042240
1091042360
1091042488
1091042608
1091042728
1091042848
1091042976
1091043096
1091043216
1091043336
1091043464
1091043584
1091043704
1091128160
1091128280
1091128408
1091128528
1091128648
1091128768
1091128896
1091129016
1091129136
1091129256
1091129384
1091129504
1091129624
1091129744
1091129872
1091903696
1091903824
1091903944
1091904064
1091904184
1091904312
1091904432
1091904552
1091904672
1091904800
1091904920
1091905040
1091905160
1091905288
1091905408
1091989864
1091989984
1091990112
1091990232
1091990352
1091990472
1091990592
1091990720
1091990840
1091990960
1091991088
1091991208
1091991328
1091991448
1091991568
1092076032
1092076152
1092076272
1092076392
1092076512
1092076640
1092076760
1092076880
1092077000
1092077128
1092077248
1092077368
1092077496
1092077616
1092077736
1092162432
1092162560
1092162680
1092162800
1092162920
1092163048
1092163168
1092163904
1092334520
1092334640
1092334760
1092334888
1092335008
1092335128
1092335248
1092335376
1092335496
1092335616
1092335736
