1090353296
1090353416
1090353536
1090353664
1090353784
1090353904
1090354032
1090354152
1090354272
1090354392
1090438848
1090438968
1090439096
1090439216
1090439336
1090439456
1090439584
1090439704
1090439824
1090439944
1090440072
1090440192
1090440312
1090440432
1090440560
1090525016
1090525136
1090525256
1090525376
1090525504
1090525624
1090525744
1090525864
1090525992
1090526112
1090526232
1090526352
1090526480
1090526600
1090526720
1090611176
1090611296
1090611424
1090611544
1090611664
1090611784
1090611912
1090612032
1090612152
1090612272
1090612400
1090612520
1090612640
1090612760
1090612888
1090697344
1090697464
1090697584
1090697712
1090697832
1090697952
1090698072
1090698192
1090698320
1090698440
1090698560
1090698688
1090698808
1090698928
1090699048
1090783504
1090783632
1090783752
1090783872
1090783992
1090784112
1090784240
1090784360
1090784480
1090784600
1090784728
1090784848
1090784968
1090785096
1090785216
1090870768
1090870888
1090871008
1090871136
1090871256
1090871376
1090955832
1090955952
1090956080
1090956200
1090956320
1090956440
1090956568
1090956688
1090956808
