1064583824
1064583944
1064584064
1064584192
1064584312
1064584432
1064584552
1064584680
1064584800
1064584920
1064585040
1064585168
1064585288
1064585408
1064585528
1064585656
1064585776
1064598952
1064599072
1064599192
1064599320
1064599440
1064599560
1064599680
1064599808
1064599928
1064600048
1063636016
1063636144
1063636264
1063636384
1063636504
1063636632
1063636752
1063636872
1063636992
1063637120
1063637240
1063637360
1063637480
1063637608
1063637728
1063637848
1063637968
1063651144
1063651272
1063651392
1063651512
1063651632
1063651760
1063651880
1063652000
1063652120
1063652248
1063463688
1063463816
1063463936
1063464056
1063464176
1063464304
1063464424
1063464544
1063464664
1063464792
1063464912
1063465032
1063465152
1063465280
1063465400
1063465520
1063465640
1063478816
1063478944
1063479064
1063479184
1063479304
1063479432
1063479552
1063479672
1063479792
1063479920
1063119032
1063119160
1063119280
1063119400
1063119520
1063119648
1063119768
1063119888
1063120008
1063120136
1063120256
1063120376
1063120496
1063120624
1063120744
1063120864
1063120984
1063134160
1063134288
1063134408
1063134528
1063134648
1063134776
1063134896
1063135016
1063135136
1063135264
1062946704
1062946832
1062946952
1062947072
1062947192
1062947320
1062947440
1062947560
1062947680
1062947808
1062947928
1062948048
1062948168
1062948296
1062948416
1062948536
1062948656
1062961832
1062961960
1062962080
1062962200
1062962320
1062962448
1062962568
1062962688
1062962808
1062962936
1062774376
1062774504
1062774624
1062774744
1062774864
1062774992
1062775112
1062775232
1062775352
1062775480
1062775600
1062775720
1062775840
1062775968
1062776088
1062776208
1062776328
1062789504
1062789632
1062789752
1062789872
1062789992
1062790120
1062790240
1062790360
1062790480
1062790608
1062515888
1062516008
1062516128
1062516248
1062516376
1062516496
1062516616
1062516736
1062516864
1062516984
1062517104
1062517224
1062517352
1062517472
1062517592
1062517712
1062517840
1062343560
1062343680
1062343800
1062343920
1062344048
1062344168
1062344288
1062344408
1062344536
1062344656
1062344776
1062344896
1062345024
1062345144
1062345264
1062345384
1062345512
1062358688
1062358808
1062358928
1062359048
1062359176
1062359296
1062359416
1062359536
1062359664
1062359784
1062171232
1062171352
1062171472
1062171592
1062171720
1062171840
1062171960
1062172080
1062172208
1062172328
1062172448
1062172568
1062172696
1062172816
1062172936
1062173056
1062173184
1062186360
1062186480
1062186600
1062186720
1062186848
1062186968
1062187088
1062187208
1062187336
1062187456
1067255096
1067255216
1067255336
1067255456
1067255584
1067255704
1067255824
1067255944
1067256072
1067256192
1067256312
1067256432
1067256560
1067256680
1067256800
1067256920
1067269976
1067270096
1067270224
1067270344
1067270464
1067270584
1067270712
1067270832
1067270952
1067271072
1067183816
1067183936
1067184056
1067184176
1067184304
1067184424
1067184544
1067184664
1067184792
1067184912
1067082768
1067082888
1067083008
1067083128
1067083256
1067083376
1067083496
1067083616
1067083744
1067083864
1067083984
1067084104
1067084232
1067084352
1067084472
1067084592
1067097648
1067097768
1067097896
1067098016
1067098136
1067098256
1067098384
1067098504
1067098624
1067098744
1066738112
1066738232
1066738352
1066738472
1066738600
1066738720
1066738840
1066738960
1066739088
1066739208
1066739328
1066739448
1066739576
1066739696
1066739816
1066739936
1066752992
1066753112
1066753240
1066753360
1066753480
1066753600
1066753728
1066753848
1066753968
1066565784
1066565904
1066566024
1066566144
1066566272
1066566392
1066566512
1066566632
1066566760
1066566880
1066567000
1066567120
1066567248
1066567368
1066567488
1066567608
1066580664
1066580784
1066580912
1066581032
1066581152
1066581272
1066581400
1066581520
1066581640
1066581760
1065876464
1065876592
1065876712
1065876832
1065876952
1065877080
1065877200
1065877320
1065877440
1065877568
1065877688
1065877808
1065877928
1065878056
1065878176
1065878296
1065891352
1065891472
1065891592
1065891720
1065891840
1065891960
1065892080
1065892208
1065892328
1065892448
1065445648
1065445768
1065445888
1065446016
1065446136
1065446256
1065446376
1065446504
1065446624
1065446744
1065446864
1065446992
1065447112
1065447232
1065447352
1065447480
1065460528
1065460656
1065460776
1065460896
1065461016
1065461144
1065461264
1065461384
1065461504
1065461632
1065273136
1065273256
1065273384
1065273504
1065273624
1065273744
1065273872
1065273992
1065274112
1065274232
1065274360
1065274480
1065274600
1065274720
1065274848
1065274968
1065275088
1065288264
1065288384
1065288512
1065288632
1065288752
1065288872
1065289000
1065289120
1065289240
1065289360
1064928480
1064928600
1064928728
1064928848
1064928968
1064929088
1064929216
1064929336
1064929456
1064929576
1064929704
1064929824
1064929944
1064930064
1064930192
1064930312
1064930432
1064943608
1064943728
1064943856
1064943976
1064944096
1064944216
1064944344
1064944464
1064944584
1064944704
1064771280
1064771400
1064771528
1064771648
1064771768
1064771888
1064772016
1064772136
1064772256
1064772376
1069768760
1069768888
1069769008
1069769128
1069769256
1069769376
1069769496
1069769616
1069769736
1069769864
1068820928
1068821056
1068821176
1068821296
1068821416
1068821544
1068821664
1068821784
1068821904
1068822032
1061654248
1061654368
1061654488
1061654608
1061654736
1061654856
1061654976
1061655096
1061655224
1061655344
1061655464
1061655584
1061655712
1061655832
1061655952
1061656072
1061656200
1061669376
1061669496
1061669616
1061669736
1061669864
1061669984
1061670104
1061670224
1061670352
1061670472
1061309592
1061309712
1061309832
1061309952
1061310080
1061310200
1061310320
1061310440
1061310568
1061310688
1061310808
1061310928
1061311056
1061311176
1061311296
1061311416
1061311544
1061324720
1061324840
1061324960
1061325080
1061325208
1061325328
1061325448
1061325568
1061325696
1061325816
