1062948904
1062949024
1062949144
1062949272
1062949392
1062949512
1062949632
1062949760
1062950000
1062950120
1062950248
1062950368
1062950488
1062950608
1062950736
1062950856
1062950976
1062951096
1062951224
1062951344
1062951464
1062951584
1062951712
1062951832
1062951952
1062952072
1062952200
1062952320
1062952440
1062952560
1062952688
1062952808
1062952928
1062953048
1062953176
1062953296
1062953416
1062953536
1062953664
1062953784
1062953904
1062954024
1062954152
1062954272
1062955248
1062955616
1062956104
1063121112
1063121232
1063121352
1063121472
1063121600
1063121720
1063121840
1063121960
1063122088
1063122208
1063122328
1063122448
1063122576
1063122696
1063122816
1063122936
1063123064
1063123184
1063123304
1063123552
1063123672
1063123792
1063124040
1063124160
1063124400
1063124528
1063124648
1063124768
1063124888
1063125016
1063125136
1063125256
1063125376
1063125504
1063125624
1063125744
1063125864
1063126112
1063126232
1063126352
1063126480
1063126600
1063126840
1063126968
1063127088
1063127208
1063127696
1063127944
1063128064
1063128184
1063128304
1063128432
1063128552
