1067088624
1067088744
1067088864
1067088984
1067089472
1067089600
1067089960
1067090088
1067090208
1067090448
1067090576
1067090696
1067090816
1067090936
1067091064
1067091184
1067091304
1067091424
1067091552
1067091672
1067091912
1067092040
1067092160
1067092280
1067092400
1067092528
1067092648
1067092768
1067092888
1067093016
1067093136
1067093256
1067093376
1067093504
1067093624
1067093864
1067257048
1067257776
1067257896
1067258752
1067259000
1067259120
1067259360
1067259848
1067260096
1067260336
1067260464
1068808856
1068808976
1068809096
1068809216
1068809344
1068809464
1068809584
1068809704
1068809832
1068809952
1068810072
1068810192
1068810320
1068810440
1068810560
1068810680
1068810808
1068810928
1068811048
1068811296
1068811416
1068811536
1068811656
1068811784
1068811904
1068812024
1068812144
1068812272
1068812392
1068812512
1068812632
1068812760
1068812880
1068813000
1068813120
1068813368
1068813488
1068813608
1068813856
1068813976
1068814096
1068814224
1068814344
1068814464
1068814584
1068814712
1068814832
1068814952
1068815072
1068815320
1068815440
1068815560
1068815688
