1061661200
1061661320
1061661440
1061661568
1061661688
1061661808
1061661928
1061662056
1061662176
1061662296
1061662416
1061662904
1061663032
1061663152
1061663272
1061663392
1061663520
1061663640
1061663760
1061663880
1061664008
1061664128
1061664368
1061665472
1062173424
1062173544
1062173672
1062173792
1062173912
1062174032
1062174160
1062174400
1062174520
1062174648
1062175136
1062175256
1062175376
1062175496
1062175624
1062175744
1062175984
1062176112
1062176232
1062176352
1062176472
1062176600
1062176840
1062345632
1062345752
1062345872
1062346000
1062346120
1062346240
1062346360
1062346488
1062346608
1062346728
1062346848
1062346976
1062347096
1062347216
1062347336
1062347464
1062347584
1062347704
1062347824
1062347952
1062348072
1062348192
1062348312
1062348440
1062348560
1062348680
1062348928
1062349048
1062349168
1062349288
1062349416
1062349536
1062349656
1062349776
1062349904
1062350024
1062350144
1062350264
1062350392
1062350512
1062350632
1062350752
1062350880
1062351000
1062351120
1062351240
1062351368
1062351488
1062351728
1062351856
1062351976
1062352096
1062352216
