1062352344
1062352464
1062352704
1062353072
1062353192
1062353320
1062353440
1062353560
1062353808
1062354048
1062354296
1062354536
1062354656
1062354784
1062518080
1062518200
1062518328
1062518448
1062518568
1062518688
1062518816
1062518936
1062519056
1062519176
1062519304
1062519424
1062519544
1062519664
1062519912
1062520032
1062520152
1062520280
1062520400
1062520520
1062520640
1062520768
1062520888
1062521008
1062521128
1062521256
1062521376
1062521496
1062521744
1062521984
1062522104
1062522232
1062522472
1062522592
1062522720
1062522840
1062522960
1062523328
1062523448
1062523568
1062523696
1062523816
1062523936
1062524056
1062524184
1062524304
1062524424
1062524792
1062524912
1062525160
1062525520
1062525648
1062525888
1062526008
1062526136
1062526256
1062526376
1062526496
1062526624
1062526744
1062526864
1062527112
1062779016
1062779136
1062779256
1062779384
1062779504
1062779624
1062779872
1062779992
1062780112
1062780232
1062780480
1062780600
1062780720
1062780848
1062780968
1062781088
1062781576
1062783528
1062783776
1062783896
1062784136
1062784264
1062784384
1062948784
