1061311664
1061311784
1061312152
1061312272
1061312392
1061313008
1061313248
1061313496
1061313616
1061314104
1061314344
1061314472
1061314592
1061314712
1061314832
1061315080
1061315568
1061315936
1061316056
1061316544
1061316664
1061316784
1061316912
1061317032
1061318248
1061318616
1061318736
1061319472
1061320080
1061657664
1061657784
1061658152
1061659856
1061659976
1062173544
1062173672
1062173792
1062174032
1062174400
1062175496
1062176112
1062176232
1062176352
1062176472
1062176840
1062345632
1062345752
1062346000
1062346120
1062346240
1062346360
1062346488
1062346608
1062346976
1062347096
1062347216
1062347464
1062347952
1062348560
1062348680
1062349048
1062349288
1062349904
1062350024
1062350144
1062350392
1062350512
1062350752
1062351000
1062351728
1062351856
1062352096
1062352344
1062352704
1062353560
1062525520
1062779016
1062779136
1062779384
1062779504
1062779624
1062779872
1062779992
1062780112
1062780232
1062780480
1062780600
1062780720
1062780848
1062780968
1062783528
1062783896
1062784264
1062784384
1062949512
1062949632
1062950120
1062950248
1062950488
1062950856
1062950976
1062951224
1062951464
1062952320
1062952440
1062952928
1062953048
1062953296
1062953416
1062953536
1062955248
1063465768
1063465888
1063466128
1063466256
1063466376
1063466496
1063466616
1063466744
1063466864
1063467104
1063467232
1063467352
1063467472
1063467592
1063467720
1063468080
1063468208
1063468448
1063468568
1063468696
1063468816
1063468936
1063469056
1063469304
1063469424
1063469544
1063469672
1063469912
1063470032
1063470160
1063470400
1063470520
1063470768
1063470888
1063471008
1063471136
1063472112
1063472232
1063472352
1063472472
1063472720
1063638096
1063638336
1063638704
1063638824
1063638944
1063639072
1063639192
1063639312
1063639432
1063639560
1063639680
1063640288
1063640408
1063640656
1063641024
1063641264
1063641384
1063641512
1063641632
1063641752
1063642120
1063642240
1063642848
1063645536
1063646264
1063646512
1063646880
1064585896
1064586016
1064586504
1064587240
1064587608
1064587728
1064588096
1064588216
1064588336
1064588704
1064588824
1064588944
1064589072
1064589432
1064589560
1064589680
1064589800
1064590048
1064590168
1064761768
1064761888
1064762008
1064762376
1064762496
1064762616
1064762984
1064763104
1064763232
1064763352
1064763472
1064763592
1064763720
1064764208
1064764328
1064764448
1064764696
1064764816
1064764936
1064765056
1064765184
1064765304
1064765424
1064765672
1064765792
1064766160
1064931288
1064931408
1064931896
1064932016
1064932264
1064932384
1064933968
1064934096
1064934216
1064934336
1064934584
1064934704
1064934824
1064934944
1064935192
1064936776
1064937024
1064937264
1064937384
1064937632
1064938976
1064939096
1065275336
1065275824
1065275944
1065276064
1065277528
1065277648
1065277776
1065277896
1065278016
1065278136
1065278264
1065278384
1065278624
1065278752
1065278872
1065278992
1065279112
1065279240
1065279360
1065279600
1065279968
1065280216
1065280576
1065280704
1066567736
1066568096
1066568224
1066568344
1066568464
1066568584
1066568712
1066568832
1066568952
1066569072
1066569200
1066569320
1066570296
1066570416
1066570536
1066570664
1066570784
1066570904
1066571024
1066571152
1066571272
1066571392
1066571512
1066571640
1066571880
1066572000
1066572368
1066573344
1066573952
1066574080
1066574200
1066574320
1066574440
1066574568
1066574808
1066574928
1067084720
1067085328
1067085448
1067085568
1067085936
1067086304
1067087280
1067087648
1067087768
1067088136
1067088864
1067090448
1067090576
1067091184
1067092040
1067093136
1067093624
1067257776
1067257896
1067258752
1067259000
1067259120
1067259360
1067259848
1067260336
1067260464
1068808976
1068809216
1068809344
1068809464
1068809584
1068810320
1068810560
1068810680
1068810808
1068810928
1068811296
1068811416
1068811536
1068811656
1068811784
1068811904
1068812144
1068812272
1068812392
1068812512
1068812632
1068812880
1068813368
1068814224
1068814464
1068814584
1068814832
1068816416
1069759856
1069759984
1069760224
1069760344
1069760592
1069760712
1069760832
1069760952
1069761080
1069761440
1069762784
1069762904
