1089972432
1089545696
1089545576
1089545456
1089545336
1089545216
1089545096
1089544976
1089544856
1089544736
1089544616
1089544496
1089544376
1089544256
1089544136
1089544016
1089543896
1089543776
1089543656
1089543536
1089543416
1089543296
1089543176
1089543056
1089542936
1089542816
1089542696
1089542576
1089542456
1089542336
1089542216
1089542096
1089541976
1089541856
1089541736
1089541616
1089541496
1089541376
1089541256
1089541136
1089541016
1089540896
1089540776
1089540656
1089540536
1089540416
1089540296
1089540176
1089540056
1089539936
1089539816
1089539696
1089539576
1089539456
1089539336
1089539216
1089539096
1089538976
1089538856
1089538736
1089538616
1089456040
