1092335864
1092335984
1092336104
1092336224
1092420680
1092420808
1092420928
1092421048
1092421168
1092421296
1092421416
1092421536
1092421656
1092421784
1092421904
1092422024
1092422144
1092422272
1092422392
1092506848
1092506968
1092507088
1092507216
1092507336
1092507456
1092507576
1092507704
1092507824
1092507944
1092508064
1092508192
1092508312
1092508432
1092508552
1092593016
1092593136
1092593256
1092593376
1092593504
1092593624
1092593744
1092593864
1092593992
1092594112
1092594232
1092594352
1092594480
1092594600
1092594720
1092679176
1092679296
1092679424
1092679544
1092679664
1092679784
1092679912
1092680032
1092680152
1092680272
1092680400
1092680520
1092680640
1092680760
1092680888
1092765344
1092765464
1092765584
1092765704
1092765832
1092765952
1092766072
1092766192
1092766320
1092766440
1092766560
1092766680
1092766808
1092766928
1092767048
1092851504
1092851624
1092851752
1092851872
1092851992
1092852112
1092852240
1092852360
1092852480
1092852600
1092852728
1092852848
1092852968
1092853088
1092853216
1092937672
1092937792
1092937912
1092938032
1092938160
1092938280
