1089664592
1089664712
1089664840
1089664960
1089665080
1089749536
1089749656
1089749784
1089749904
1089750024
1089750144
1089750272
1089750392
1089750880
1089751000
1089751120
1089751248
1089921864
1089921984
1089922112
1089922232
1089922352
1089922472
1089922600
1089922720
1089922840
1089922960
1090008032
1090008152
1090008272
1090008392
1090008520
1090008640
1090008760
1090008880
1090009008
1090009128
1090009248
1090009368
1090009496
1090009616
1090009736
1090095048
1090095168
1090095288
1090095416
1090095536
1090095656
1090095776
1090095904
1090180360
1090180480
1090180600
1090180720
1090180848
1090180968
1090181088
1090181208
1090181336
1090181456
1090181576
1090181696
1090181824
1090181944
1090182064
1090352688
1090352808
1090352928
1090353048
1090353176
1090353296
1090353416
1090353536
1090353664
1090353784
1090353904
1090354032
1090354152
1090354272
1090354392
1090438848
1090438968
1090439096
1090439216
1090439336
1090439456
1090439584
1090439704
1090439824
1090439944
1090440072
1090440192
1090440312
1090440432
1090440560
1090525016
1090525136
1090525256
1090525376
1090525504
1090525624
1090525744
1090525864
1090525992
1090526112
1090526232
1090526352
1090526480
1090526600
1090526720
1090611176
1090611296
1090611424
1090611544
1090611664
