1063121112
1063121232
1063121352
1063121472
1063121600
1063121720
1063121840
1063121960
1063122088
1063122208
1063122328
1063122448
1063122576
1063122696
1063122816
1063122936
1063123064
1063123184
1063123304
1063123552
1063123672
1063123792
1063124040
1063124160
1063124400
1063124528
1063124648
1063124768
1063124888
1063125016
1063125136
1063125256
1063125376
1063125504
1063125624
1063125744
1063125864
1063126112
1063126232
1063126352
1063126480
1063126600
1063126840
1063126968
1063127088
1063127208
1063127696
1063127944
1063128064
1063128184
1063128304
1063128432
1063128552
1063128672
1063128792
1063128920
1063129040
1063129160
1063129528
1063129648
1063129768
1063130016
1063130136
1063130256
