1061311904
1061313128
1061313368
1061325936
1061326056
1061326184
1061326304
1061326424
1061326544
1061326672
1061326792
1061326912
1061327032
1061327160
1061327280
1061327400
1061327520
1061327648
1061327768
1061315200
1061327888
1061328008
1061328136
1061328256
1061328376
1061328496
1061328624
1061328744
1061328864
1061328984
1061329112
1061329232
1061329352
1061329472
1061315688
1061316176
1061317760
1061318984
1061319104
1061319224
1061319352
1061320816
1061656440
1061656688
1061670592
1061670712
1061670840
1061670960
1061671080
1061671200
1061671328
1061671448
1061671568
1061671688
1061671816
1061671936
1061672056
1061672176
1061672304
1061672424
1061658512
1061660952
1061662544
1061662664
1061662784
1061664248
1061664496
1061664616
1061664736
1061664856
1061664984
1061665104
1061665224
1061665344
1062173304
1062174280
1062174768
1062174888
1062175008
1062187576
1062187696
1062187824
1062187944
1062188064
1062188184
1062188312
1062188432
1062188552
1062188672
1062188800
1062188920
1062189040
1062189160
1062189288
1062189408
1062175864
1062176720
1062176960
1062189528
1062189648
1062189776
1062189896
1062190016
1062190136
1062190264
1062190384
1062190504
1062190624
1062190752
1062190872
1062190992
1062191112
1062177088
1062177208
1062177328
1062177448
1062177576
1062177696
1062177816
1062177936
1062178064
1062178184
1062178304
1062178424
1062178552
1062178672
1062178792
1062178912
1062179040
1062179160
1062179280
1062179400
1062179528
1062179648
1062179768
1062179888
1062180016
1062180136
1062180256
1062180376
1062180504
1062180624
1062180744
1062180864
1062180992
1062181112
1062181232
1062181352
1062181480
1062181600
1062181720
1062181840
1062181968
1062182088
1062182208
1062182328
1062182456
1062359904
1062360024
1062360152
1062360272
1062360392
1062360512
1062360640
1062360760
1062360880
1062361000
1062361128
1062361248
1062361368
1062361488
1062361616
1062361736
1062348800
1062361856
1062361976
1062362104
1062362224
1062362344
1062362464
1062362592
1062362712
1062362832
1062362952
1062363080
1062363200
1062363320
1062363440
1062363568
1062363688
1062363808
1062363928
1062364056
1062364176
1062364296
1062364416
1062364544
1062364664
1062364784
1062364904
1062365032
1062365152
1062365272
1062365392
1062351608
1062352584
1062352832
1062352952
1062353680
1062353928
1062354168
1062354416
1062517960
1062519792
1062521616
1062521864
1062522352
1062523080
1062523208
1062524544
1062524672
1062525032
1062525280
1062525400
1062525768
1062526984
1062776456
1062776576
1062776696
1062776816
1062776944
1062777064
1062777184
1062777304
1062777432
1062777552
1062777672
1062777792
1062777920
1062778040
1062778160
1062778280
1062790728
1062790848
1062790968
1062791096
1062791216
1062791336
1062791456
1062791584
1062791704
1062791824
1062791944
1062792072
1062792192
1062792312
1062792432
1062792560
1062778408
1062778528
1062778648
1062778768
1062778896
1062779744
1062792680
1062792800
1062792920
1062793048
1062793168
1062793288
1062793408
1062793536
1062793656
1062793776
1062793896
1062794024
1062794144
1062794264
1062780360
1062781208
1062781336
1062781456
1062781696
1062781824
1062781944
1062782064
1062782184
1062782312
1062782432
1062782552
1062782672
1062782800
1062782920
1062783040
1062783160
1062783288
1062783408
1062783648
1062784016
1062784504
1062784624
1062784752
1062784872
1062784992
1062785112
1062785240
1062785360
1062785480
1062785600
1062949880
1062963056
1062963176
1062963296
1062963424
1062963544
1062963664
1062963784
1062963912
1062964032
1062964152
1062964272
1062964400
1062964520
1062964640
1062964760
1062964888
1062965008
1062965128
1062965248
1062965376
1062965496
1062965616
1062965736
1062965864
1062965984
1062966104
1062966224
1062966352
1062966472
1062966592
1062954392
1062954512
1062954640
1062954760
1062954880
1062955000
1062955128
1062955368
1062955488
1062955736
1062955856
1062955976
1062956224
1062956344
1062956464
1062956592
1062956712
1062956832
1062956952
1062957080
1062957200
1062957320
1062957440
1062957568
1062957688
1062957808
1062957928
1063135384
1063135504
1063135624
1063135752
1063135872
1063135992
1063136112
1063136240
1063136360
1063136480
1063136600
1063136728
1063136848
1063136968
1063137088
1063137216
1063123424
1063123912
1063124280
1063137336
1063137456
1063137576
1063137704
1063137824
1063137944
1063138064
1063138192
1063138312
1063138432
1063138552
1063138680
1063138800
1063138920
1063125992
1063126720
1063127328
1063127456
1063127576
1063127816
1063129280
1063129408
1063129896
1063480040
1063480160
1063480280
1063480408
1063480528
1063480648
1063480768
1063480896
1063481016
1063481136
1063481256
1063481384
1063481504
1063481624
1063481744
1063481872
1063467840
1063467960
1063469184
1063481992
1063482112
1063482232
1063482360
1063482480
1063482600
1063482720
1063482848
1063469792
1063471256
1063471376
1063471496
1063471624
1063471744
1063471864
1063471984
1063472600
1063472840
1063472960
1063473088
1063473328
1063473448
1063473576
1063473696
1063473816
1063473936
1063474064
1063474184
1063474304
1063474424
1063474552
1063474672
1063474792
1063474912
1063639800
1063639920
1063652368
1063652488
1063652608
1063652736
1063652856
1063652976
1063653096
1063653224
1063653344
1063653464
1063653584
1063653712
1063653832
1063653952
1063654072
1063654200
1063640536
1063640776
1063641144
1063654320
1063654440
1063654560
1063654688
1063654808
1063654928
1063655048
1063655176
1063655296
1063655416
1063655536
1063655664
1063655784
1063655904
1063643704
1063643952
1063644192
1063644560
1063644800
1063645048
1063645656
1063646632
1063647240
1064586632
1064600168
1064600296
1064600416
1064600536
1064600656
1064600784
1064600904
1064601024
1064601144
1064601272
1064601392
1064601512
1064601632
1064601760
1064601880
1064602000
1064588584
1064602120
1064602248
1064602368
1064602488
1064602608
1064602736
1064602856
1064602976
1064603096
1064603224
1064603344
1064603712
1064603832
1064589920
1064590288
1064590536
1064590656
1064590896
1064591024
1064591144
1064591264
1064591384
1064604072
1064604200
1064604320
1064604440
1064604560
1064604688
1064604808
1064604928
1064605048
1064605176
1064605296
1064605416
1064605536
1064605664
1064605784
1064591512
1064591632
1064591752
1064591872
1064592000
1064592120
1064592240
1064592360
1064592488
1064592608
1064592728
1064592848
1064592976
1064593096
1064593216
1064605904
1064606024
1064606152
1064606272
1064606392
1064606512
1064606640
1064606760
1064606880
1064607000
1064607128
1064607248
1064607368
1064607488
1064607616
1064593336
1064593464
1064593584
1064593704
1064593824
1064593952
1064594072
1064594192
1064594312
1064594440
1064594560
1064594680
1064594800
1064594928
1064595048
1064772504
1064772624
1064772744
1064772864
1064772992
1064773112
1064773232
1064773352
1064773480
1064773600
1064773720
1064773840
1064773968
1064774088
1064774208
1064774328
1064761520
1064774456
1064774576
1064774696
1064774816
1064774944
1064775064
1064775184
1064775304
1064775432
1064775552
1064775672
1064775792
1064775920
1064776040
1064776160
1064762128
1064776280
1064776408
1064776528
1064776648
1064776768
1064776896
1064777016
1064777136
1064777256
1064777384
1064777504
1064777624
1064777744
1064777872
1064777992
1064778112
1064763840
1064765544
1064778232
1064778360
1064778480
1064778600
1064778720
1064778848
1064778968
1064779088
1064779208
1064779336
1064779456
1064779576
1064779696
1064779824
1064779944
1064766032
1064767256
1064930552
1064930680
1064944832
1064944952
1064945072
1064945192
1064945320
1064945440
1064945560
1064945680
1064945808
1064945928
1064946048
1064946168
1064946296
1064946416
1064946536
1064946656
1064932992
1064933848
1064946784
1064946904
1064947024
1064947144
1064947272
1064947392
1064947512
1064947632
1064947760
1064947880
1064948000
1064948120
1064948248
1064948368
1064948488
1064934456
1064935432
1064935560
1064948608
1064948736
1064948856
1064948976
1064949096
1064949224
1064949344
1064949464
1064949584
1064949712
1064949952
1064950072
1064950200
1064950320
1064950440
1064937512
1064950560
1064950688
1064950808
1064950928
1064951048
1064951176
1064951296
1064951416
1064951536
1064951664
1064951784
1064951904
1064952024
1064952152
1064952272
1064938000
1064938120
1064938608
1064939584
1065275208
1065275456
1065276920
1065277040
1065289488
1065289608
1065289728
1065289848
1065289976
1065290096
1065290216
1065290336
1065290464
1065290584
1065290704
1065290824
1065290952
1065291072
1065291192
1065291312
1065291440
1065291560
1065291680
1065291800
1065291928
1065292048
1065292168
1065292288
1065279480
1065279848
1065294240
1065294368
1065294488
1065294608
1065294728
1065294856
1065294976
1065295096
1065280824
1065280944
1065281064
1065281192
1065281312
1065281432
1065281552
1065281680
1065281800
1065281920
1065282040
1065282168
1065282288
1065282408
1065282528
1065295216
1065295344
1065295464
1065295584
1065295704
1065295832
1065295952
1065296072
1065296192
1065296320
1065296440
1065296560
1065296680
1065296808
1065296928
1065282656
1065282776
1065282896
1065283016
1065283144
1065283264
1065283384
1065283504
1065283632
1065283752
1065283872
1065283992
1065284120
1065284240
1065284360
1065297048
1065297168
1065297296
1065297416
1065297536
1065297656
1065297784
1065297904
1065298024
1065298144
1065298272
1065298392
1065298512
1065298632
1065298760
1065298880
1065447600
1065448456
1065461752
1065461872
1065461992
1065462120
1065462240
1065462360
1065462480
1065462608
1065462728
1065462848
1065462968
1065463096
1065463216
1065463336
1065463456
1065463584
1065445528
1065450040
1065450896
1065463704
1065463824
1065463944
1065464072
1065464192
1065464312
1065464432
1065464560
1065464680
1065464800
1065464920
1065465048
1065465168
1065465288
1065465408
1065465536
1065451872
1065451992
1065452112
1065465656
1065465776
1065465896
1065466024
1065466144
1065466264
1065466384
1065466512
1065466632
1065466752
1065466872
1065467000
1065467120
1065467240
1065467360
1065453336
1065453456
1065453696
1065453824
1065453944
1065454064
1065454184
1065454312
1065454432
1065454552
1065454672
1065454800
1065467488
1065467608
1065467728
1065467848
1065467976
1065468096
1065468216
1065468336
1065468464
1065468584
1065468704
1065468824
1065468952
1065469072
1065469192
1065469312
1065454920
1065455160
1065455288
1065455408
1065455528
1065455776
1065455896
1065456016
1065456136
1065456264
1065456384
1065456504
1065456624
1065469440
1065469560
1065469680
1065469800
1065469928
1065470048
1065470168
1065470288
1065470416
1065470536
1065470656
1065470776
1065470904
1065471024
1065471144
1065471264
1065879760
1065879880
1065892568
1065892696
1065892816
1065892936
1065893056
1065893184
1065893304
1065893424
1065893544
1065893672
1065893792
1065893912
1065894032
1065894160
1065894280
1065894400
1065876344
1065880984
1065881592
1065881712
1065881832
1065881960
1065894520
1065894648
1065894768
1065894888
1065895008
1065895136
1065895256
1065895376
1065882080
1065882200
1065882320
1065882448
1065882568
1065882688
1065882808
1065882936
1065883056
1065883176
1065883296
1065883424
1065883544
1065883664
1065883784
1065897448
1065897576
1065897696
1065897816
1065897936
1065898064
1065898184
1065883912
1065884032
1065884152
1065884272
1065884400
1065884520
1065884640
1065884760
1065884888
1065885008
1065885128
1065885248
1065885376
1065885496
1065885616
1065898304
1065898424
1065898552
1065898672
1065898792
1065898912
1065899040
1065899160
1065899280
1065899400
1065899528
1065899648
1065899768
1065899888
1065900016
1065900136
1065885736
1065885864
1065885984
1065886104
1065886224
1065886352
1065886472
1065886592
1065886712
1065886840
1065886960
1065887080
1065887200
1065887328
1065887448
1065887568
1065900256
1065900376
1065900504
1065900624
1065900744
1065900864
1065900992
1065901112
1065901232
1065901352
1065901480
1065901600
1065901720
1065901840
1065901968
1065902088
1066567856
1066569440
1066581888
1066582008
1066582128
1066582248
1066582376
1066582496
1066582616
1066582736
1066582864
1066582984
1066583104
1066583224
1066583352
1066583472
1066583592
1066583712
1066565656
1066583840
1066583960
1066584080
1066584200
1066584328
1066584448
1066584568
1066584688
1066584816
1066584936
1066585056
1066585176
1066585304
1066585424
1066585544
1066585664
1066572128
1066572488
1066572616
1066585792
1066585912
1066586032
1066586152
1066586280
1066586400
1066586520
1066586640
1066586768
1066586888
1066587008
1066587128
1066587256
1066587376
1066587496
1066574688
1066587616
1066587744
1066587864
1066587984
1066588104
1066588232
1066588352
1066588472
1066588592
1066588720
1066588840
1066588960
1066589080
1066589208
1066589328
1066589448
1066589568
1066589696
1066589816
1066589936
1066590056
1066590184
1066590304
1066590424
1066590544
1066590672
1066590792
1066590912
1066591032
1066591160
1066591280
1066591400
1066740184
1066737984
1066742864
1066756408
1066756528
1066756656
1066756776
1066756896
1066757016
1066757144
1066757264
1066757384
1066757504
1066757632
1066757752
1066757872
1066757992
1066744088
1066744208
1066744328
1066744456
1066744576
1066744944
1066745064
1066745184
1066745304
1066745432
1066758120
1066758240
1066758360
1066758480
1066758608
1066758728
1066758848
1066758968
1066759096
1066759216
1066759336
1066759456
1066759584
1066759704
1066759824
1066745552
1066745672
1066745792
1066745920
1066746040
1066746160
1066746280
1066746408
1066746528
1066746648
1066746768
1066746896
1066747016
1066747136
1066747256
1066759944
1066760072
1066760192
1066760312
1066760432
1066760560
1066760680
1066760800
1066760920
1066761048
1066761168
1066761288
1066761408
1066761536
1066761656
1066761776
1066747384
1066747504
1066747624
1066747744
1066747872
1066747992
1066748112
1066748232
1066748360
1066748480
1066748600
1066748720
1066748848
1066748968
1066749088
1066749208
1066761896
1066762024
1066762144
1066762264
1066762384
1066762512
1066762632
1066762752
1066762872
1066763000
1066763120
1066763240
1066763360
1066763488
1066763608
1066763728
1066999528
1066999648
1066999768
1066999888
1067000008
1067000128
1067000248
1067000368
1067000488
1067000608
1067000728
1067000848
1067000968
1067001088
1067001208
1067001328
1067001448
1067001568
1067001688
1067001808
1067001928
1067002048
1067002168
1067002288
1067002408
1067002528
1067002648
1067002768
1067002888
1067003008
1067003128
1067003248
1067003368
1067003488
1067003608
1067003728
1067003848
1067003968
1067004088
1067004208
1067004328
1067004448
1067004568
1067004688
1067004808
1067004928
1067005048
1067005168
1067005288
1067005408
1067005528
1067005648
1067005768
1067005888
1067006008
1067006128
1067006248
1067006368
1067006488
1067006608
1067006848
1067006968
1067007088
1067007208
1067007328
1067007448
1067007568
1067007688
1067007808
1067007928
1067008048
1067008168
1067008288
1067008408
1067008528
1067008648
1067008768
1067008888
1067009008
1067009128
1067009248
1067009368
1067009488
1067009608
1067009728
1067009848
1067009968
1067010088
1067010208
1067010328
1067010448
1067010568
1067010688
1067010808
1067010928
1067011048
1067011168
1067011288
1067011408
1067011528
1067011648
1067011768
1067011888
1067012008
1067012128
1067012248
1067012368
1067012488
1067012608
1067012728
1067012848
1067012968
1067013088
1067013208
1067013328
1067013448
1067013568
1067013688
1067013808
1067013928
1067014168
1067014288
1067014408
1067014528
1067014648
1067014768
1067014888
1067015008
1067015128
1067015248
1067015368
1067015488
1067015608
1067015728
1067015848
1067015968
1067016088
1067016208
1067016328
1067016448
1067016568
1067016688
1067016808
1067016928
1067017168
1067017288
1067017408
1067017528
1067017648
1067017768
1067017888
1067018008
1067018128
1067018248
1067018368
1067018488
1067018608
1067018728
1067018848
1067018968
1067019088
1067019208
1067019328
1067019448
1067019568
1067019688
1067019808
1067019928
1067020048
1067020168
1067020288
1067020408
1067020528
1067020648
1067020768
1067020888
1067021008
1067021128
1067021248
1067021488
1067021608
1067021728
1067021848
1067021968
1067022088
1067022208
1067022328
1067022448
1067022568
1067022688
1067022808
1067022928
1067023048
1067023168
1067023288
1067023408
1067023648
1067023768
1067023888
1067024008
1067024128
1067024248
1067024368
1067024488
1067024608
1067024728
1067024848
1067024968
1067025088
1067025208
1067025328
1067025448
1067025568
1067025688
1067025808
1067025928
1067026288
1067026408
1067026768
1067026888
1067021368
1067085208
1067086184
1067098872
1067098992
1067099112
1067099232
1067099360
1067099480
1067099600
1067099720
1067099848
1067099968
1067100088
1067100208
1067100336
1067100456
1067100576
1067100696
1067082640
1067086672
1067088256
1067100824
1067100944
1067101064
1067101184
1067101312
1067101432
1067101552
1067101672
1067089112
1067089232
1067089352
1067089720
1067089840
1067103384
1067103504
1067103624
1067103752
1067103872
1067103992
1067104112
1067104240
1067104360
1067104480
1067090328
1067091792
1067104600
1067104728
1067104848
1067104968
1067105088
1067105216
1067105336
1067105456
1067105576
1067105704
1067105824
1067105944
1067106064
1067106192
1067106312
1067106432
1067093744
1067106552
1067106680
1067106800
1067106920
1067107040
1067107168
1067107288
1067107408
1067107528
1067107656
1067107776
1067107896
1067108016
1067108144
1067108264
1067108384
1067257168
1067257288
1067257408
1067257536
1067257656
1067258024
1067258144
1067258264
1067258384
1067258512
1067258632
1067271200
1067271320
1067271440
1067271560
1067271688
1067271808
1067271928
1067272048
1067272176
1067272296
1067272416
1067272536
1067272664
1067272784
1067272904
1067273024
1067254968
1067258872
1067259240
1067259488
1067259608
1067259728
1067259976
1067260216
1067260584
1067273152
1067273272
1067273392
1067273512
1067273640
1067273760
1067273880
1067274000
1067274128
1067274248
1067274368
1067274488
1067274616
1067274736
1067274856
1067274976
1067260704
1067260824
1067260952
1067261072
1067261192
1067261312
1067261440
1067261560
1067261680
1067261800
1067261928
1067262048
1067262168
1067262288
1067262416
1067275104
1067275224
1067275344
1067275464
1067275592
1067275712
1067275832
1067275952
1067276080
1067276200
1067276320
1067276440
1067276568
1067276688
1067276808
1067262536
1067262656
1067262776
1067262904
1067263024
1067263144
1067263264
1067263392
1067263512
1067263632
1067263752
1067263880
1067264000
1067264120
1067264240
1067276928
1067277056
1067277176
1067277296
1067277416
1067277544
1067277664
1067277784
1067277904
1067278032
1067278152
1067278272
1067278392
1067278520
1067278640
1067278760
1067264368
1067264488
1067264608
1067264728
1067264856
1067264976
1067265096
1067265216
1067265344
1067265464
1067265584
1067265704
1067265832
1067265952
1067266072
1067266192
1067278880
1067279008
1067279128
1067279248
1067279368
1067279496
1067279616
1067279736
1067279856
1067279984
1067280104
1067280224
1067280344
1067280472
1067280592
1067280712
1068808728
1068822152
1068822272
1068822392
1068822520
1068822640
1068822760
1068822880
1068823008
1068823128
1068823248
1068823368
1068823496
1068823616
1068823736
1068823856
1068823984
1068811168
1068824104
1068824224
1068824344
1068824472
1068824592
1068824712
1068824832
1068824960
1068825080
1068825200
1068825320
1068825448
1068825568
1068825688
1068825808
1068825936
1068813248
1068826056
1068826176
1068826296
1068826424
1068826544
1068826664
1068826784
1068826912
1068827032
1068827152
1068827272
1068827400
1068827520
1068827640
1068827760
1068813736
1068815200
1068827888
1068828008
1068828128
1068828248
1068828376
1068828496
1068828616
1068828736
1068828864
1068828984
1068829104
1068829224
1068829352
1068829472
1068829592
1068829712
1068817152
1068829840
1068829960
1068830080
1068830200
1068830328
1068830448
1068830568
1068830688
1068830816
1068830936
1068831056
1068831176
1068831304
1068831424
1068831544
1068831664
1069769984
1069770104
1069770224
1069770352
1069770472
1069770592
1069770720
1069770840
1069770960
1069771080
1069771208
1069771328
1069771448
1069771568
1069771696
1069771816
1069771936
1069772056
1069772184
1069772304
1069772424
1069772544
1069772672
1069772792
1069772912
1069773032
1069773152
1069773280
1069773400
1069773520
1069773648
1069773768
1069773888
1069774008
1069774128
1069774256
1069774376
1069774496
1069774616
1069774744
1069774864
1069774984
1069775104
1069775232
1069775352
1069775472
1069775592
1069761568
1069761688
1069761808
1069761936
1069762056
1069762296
1069762416
1069762544
1069762664
1069763032
1069775720
1069775840
1069775960
1069776080
1069776208
1069776328
1069776448
1069776568
1069776696
1069776816
1069776936
1069777064
1069777184
1069777304
1069777424
1069763152
1069763272
1069763392
1069763520
1069763640
1069763760
1069763888
1069764008
1069764128
1069764248
1069764376
1069764496
1069764616
1069764736
1069764984
1069777552
1069777672
1069777792
1069777912
1069778040
1069778160
1069778280
1069778400
1069778528
1069778648
1069778768
1069778888
1069779016
1069779136
1069779256
1069779376
