1069767176
1069767296
1069767424
1069767544
1069781088
1069781208
1069781328
1069781448
1069781576
1069781696
1069781816
1069781936
1069782064
1069782184
1069782304
1069782424
1069782552
1069782672
1069782792
1069782912
1069783040
1069783160
1069783280
1069783400
1069783528
1069783648
1069783768
1069783888
1069784016
1069784136
1069784256
1069784376
1069784504
1069784624
1069784744
1069784864
1069784992
1069785112
1069785232
1069785352
1069785480
1069785600
1069785720
1069785840
1069785968
1069786088
1069786208
1069786336
1069786456
1069786576
1069786696
1069786816
1069786944
1069787064
1069787184
1069787304
1069787432
1069787552
1069787672
1069787792
1069787920
1069788040
1069788160
1069788280
