1066999528
1066999648
1066999768
1066999888
1067000008
1067000128
1067000248
1067000368
1067000488
1067000608
1067000728
1067000848
1067000968
1067001088
1067001208
1067001328
1067001448
1067001568
1067001688
1067001808
1067001928
1067002048
1067002168
1067002288
1067002408
1067002528
1067002648
1067002768
1067002888
1067003008
1067003128
1067003248
1067003368
1067003488
1067003608
1067003728
1067003848
1067003968
1067004088
1067004208
1067004328
1067004448
1067004568
1067004688
1067004808
1067004928
1067005048
1067005168
1067005288
1067005408
1067005528
1067005648
1067005768
1067005888
1067006008
1067006128
1067006248
1067006368
1067006488
1067006608
1067006848
1067006968
1067007088
1067007208
1067007328
1067007448
1067007568
1067007688
1067007808
1067007928
1067008048
1067008168
1067008288
1067008408
1067008528
1067008648
1067008768
1067008888
1067009008
1067009128
1067009248
1067009368
1067009488
1067009608
1067009728
1067009848
1067009968
1067010088
1067010208
1067010328
1067010448
1067010568
1067010688
1067010808
1067010928
1067011048
1067011168
1067011288
1067011408
1067011528
1067011648
1067011768
1067011888
1067012008
1067012128
1067012248
1067012368
1067012488
1067012608
1067012728
1067012848
1067012968
1067013088
1067013208
1067013328
1067013448
1067013568
1067013688
1067013808
1067013928
1067014168
1067014288
1067014408
1067014528
1067014648
1067014768
1067014888
1067015008
1067015128
1067015248
1067015368
1067015488
1067015608
1067015728
1067015848
1067015968
1067016088
1067016208
1067016328
1067016448
1067016568
1067016688
1067016808
1067016928
1067017168
1067017288
1067017408
1067017528
1067017648
1067017768
1067017888
1067018008
1067018128
1067018248
1067018368
1067018488
1067018608
1067018728
1067018848
1067018968
1067019088
1067019208
1067019328
1067019448
1067019568
1067019688
1067019808
1067019928
1067020048
1067020168
1067020288
1067020408
1067020528
1067020648
1067020768
1067020888
1067021008
1067021128
1067021248
1067021488
1067021608
1067021728
1067021848
1067021968
1067022088
1067022208
1067022328
1067022448
1067022568
1067022688
1067022808
1067022928
1067023048
1067023168
1067023288
1067023408
1067023648
1067023768
1067023888
1067024008
1067024128
1067024248
1067024368
1067024488
1067024608
1067024728
1067024848
1067024968
1067025088
1067025208
1067025328
1067025448
1067025568
1067025688
1067025808
1067025928
1067026288
1067026408
1067026768
1067026888
